19823097
20710502
19401189
19291712
18078118
21981329
19377101
21109229
18271842
19188932
21044004
21461281
24062442
21069260
20980851
17359574
21479471
19860845
16727018
21573877
20575721
21083369
20882569
19956259
23806647
25513368
19756600
23940236
20520601
21740903
23659984
19619538
19898625
18764974
20373528
19818460
16290751
18957394
19507682
21530098
18754719
18471785
21970947
21976246
20106808
21243392
19945372
18994597
20329745
21887464
20342969
19833878
21854078
19692800
20774219
20578670
24073703
22300085
19396418
19423408
18962337
21334201
21154421
24453894
19116656
19823929
25844874
18862264
21916765
19187717
16541797
21934806
23348671
15998200
20876348
20682182
22100355
19190006
21686072
20253390
20568544
18723645
20161586
21172149
24793598
20015198
23641765
20649141
19710090
20282619
19350140
22611027
19312167
19861162
22080335
19968843
23179786
22778058
20653692
21703933
