24709426
28401848
23869517
23915143
22131764
20804937
21339566
25517244
25543122
22829065
22823204
23495432
24432341
25797787
18012206
24920449
23268339
23188467
24135705
24016598
22700924
25501399
24634572
25877166
24585317
21095218
24250172
21657818
22638649
25187519
25079514
21686719
23998332
23546968
29641510
20664548
19447139
18119993
18383550
25327774
19486269
27623334
19137331
24580290
24908848
16980800
23015745
19075601
18798327
24277172
22315030
17284890
24033109
26855092
23585664
25549067
18296444
24719018
18082219
23682342
27849852
23858432
24007673
21934121
22936180
25205569
21399631
18058669
24627969
20523586
24192596
25348836
20657567
22621109
21264641
19267544
26489892
22756402
25610834
19720326
18406496
29888296
24419173
23526781
26100532
23662023
25416190
16063114
27719391
21793238
24905293
26187410
19985878
28259895
23010749
23158948
22528839
23717148
23673206
23221734
