26393577
27701045
25302394
25990884
25367996
25890852
28877601
27911475
24832530
25751134
25977759
24992759
25928265
26381349
24477413
28153373
26474813
25571516
26368679
25145721
24793545
25167330
26405766
25460680
29641131
25584182
25425903
23859965
26474850
24905065
24198051
25637236
23508007
25661941
28821763
27725653
25037878
23410178
25777334
26444020
25177560
25440866
23536722
25704942
27054428
29650816
27574175
22766134
23766500
25098672
24894728
32070613
25785926
26405744
32763618
25683500
25897854
25293984
23428544
24300237
26367226
24405735
30653829
25539312
25057041
25815320
27151771
27494024
27035799
24550863
30092903
23548921
26556092
28333983
23059216
28327089
31096118
27320329
25594202
26919931
25262915
30338075
23805507
26737895
26141769
22660024
24728904
32090223
25682140
28448725
26259858
26692312
27923111
26227183
27771625
25017802
29723763
24559567
26086475
28379927
