22435813
21921910
20470969
24581111
22508245
20204073
18361502
15903870
22795092
23483060
19004444
21357074
22678008
24701546
18838056
18030872
20693878
22329526
19905588
19893726
25686350
21283146
22894186
20968139
19399668
22956822
22166780
22161869
17112227
23296920
19178546
23502367
24572846
18428609
19561416
24410106
21287572
20406759
28064660
20555609
20729595
20870271
21072492
25934384
24000264
20593054
23498476
20421719
18231076
27181301
21155883
21054491
21624466
20943220
20568542
21119761
23436090
20204994
22955962
18427619
18484446
17623602
15678462
20766278
22492123
23358267
22927463
19857701
26796818
20543203
21848084
21552816
21706395
21767850
21194458
22025495
22340007
21239532
23777316
22062812
23800057
20531694
17367798
25407616
18073066
18524807
17508933
21947801
24626469
50515507
22306304
22898620
21315715
22261857
23182292
23195827
21072684
25038369
22376731
20479424
