21966947
29199094
29634545
29663068
22297667
22574588
21739762
28160146
29593811
20562075
22100560
23760253
26564636
27767477
23286275
22815925
23678684
28399294
27651321
24378151
22690935
30461582
21080153
18506334
22631649
28589044
20608298
24870553
27251436
23407219
29397934
29194580
26428078
29441262
28096133
21446913
29846435
23190843
20333601
29354954
22925530
19753904
27559542
34971866
21093030
28521154
23723961
22328758
27119927
25105295
22600869
21631950
31841381
30434955
17823764
31631311
21036302
26464041
20398269
29924727
22278012
27420291
23458267
30598284
25623799
23092604
28245883
20557712
23542551
26257642
29253210
20608164
20521300
27056414
23226050
22582696
29359684
23575677
34459399
31379992
27544468
22033615
22665496
22938080
27593126
21813408
27573217
22287660
29576873
30859250
28530778
21533888
22339855
29119967
19737047
25567389
27189305
28572692
29274805
29117557
