31931237
34083539
30838680
31126392
31556983
30956339
31977596
31318119
30791462
30801671
33224775
31484738
31347047
30986885
33491252
31243908
31042036
32652275
31854217
34720146
31988688
30895112
33362447
30879650
32775467
30874098
31264271
33418958
31254181
31751679
32444976
30968088
31602433
32326368
31065097
32891983
31069903
31563854
32314350
33085974
31203070
32235106
32270452
31560622
31246388
32072545
31937028
31191700
33474777
34059980
34247853
32652863
31123196
31290009
30959936
37558933
33646561
31148018
35221129
34373920
30858818
32165502
31070967
33846831
33749457
31111590
37076559
32957459
33788455
37730620
33460645
30936925
36280792
31441423
32734250
35031232
33167415
34868341
31296515
32520993
34129035
31074423
31309886
31113285
32986295
31660335
34096908
32857589
34809910
33980986
41505330
33621896
32108913
31192454
31097434
33575896
33233940
40460502
37698914
32049885
