391726213
444010786
349238178
372546852
390154865
341831598
391292100
343254914
406479795
353292307
406805578
357413003
439324764
337271568
469480519
359701682
406906466
344139219
378403768
329414977
359974935
387039858
409911215
389153054
354219622
392229411
345037440
335375384
418105218
329342828
376089247
366783482
370426037
336532746
432270681
344911680
340787567
428962877
321273927
353143126
414081028
374249230
333678928
333416482
407349431
357440394
335848502
398066421
391341899
377866996
