548107832
517838189
516606783
525089173
521198750
541976004
518844384
514885421
511112570
514897633
513722345
517014035
512933584
528588391
527792288
519775937
513683528
518168953
514551394
518603401
514645810
540584106
512895176
520495650
512973664
511975059
516925361
510994697
514212519
509930016
513068359
508833455
514235592
513063728
517242645
510626677
512325755
516300486
513751084
520076162
514758545
517839399
513279483
519848471
520588065
511246525
533182877
519654292
514966394
522902761
