407326639
418341265
398542063
403217380
404840629
425345761
401308998
409438250
414747098
415553450
399181133
404295098
411499059
416045805
414498256
404905453
414131930
406958927
423741704
423939528
409948139
419950281
409870973
406614406
403575672
408588645
404807295
409074362
400631201
413697959
409509561
412048768
402665527
405911093
402291600
412285631
402838306
415464230
399894812
403007852
411623844
407510836
403939504
404999211
412037900
409553086
443443412
408536150
421099621
412576607
