360101060
359419575
372522333
366334242
357221856
366770473
352423210
347578504
414243200
352440134
354775387
361701580
373554263
358079300
377813510
357564843
393685254
361360506
376950633
371337924
421260937
374793771
372457657
360860653
386919609
351988490
368597531
385193163
352952015
351338269
364143802
355931154
378781819
400403737
373729316
355708691
361572726
353899789
361125232
384042899
355150902
351812564
387566839
355944290
387102377
366507680
439976895
352815317
382960167
365989986
