363477787
363225109
338582168
304368651
317114052
366985508
314936270
323668107
321215130
359721282
323618013
356083171
380137570
321968195
323625148
314035356
309790007
305710817
317527230
311544102
338893120
365072898
320584329
358225159
358032396
328916746
305405574
334552042
370202402
315015767
387928937
371734581
372188045
373341988
403117725
365809830
302730632
325095837
308530989
351686578
403688893
325454569
298813580
324379088
379733989
372205747
343242316
329735904
323188352
407477108
