120988289528
120580125123
120821291432
121574006911
120308251728
120431402841
121034666080
120828722051
120899860146
120633196228
121322708561
120361166554
121113174678
120506815496
120419550133
120659070002
120714454927
120798710483
120752949767
121004495378
120867229424
120823230978
120740714001
119922629396
120771352356
120788350023
120541458498
120204895663
120947395694
120808814466
120684540330
120685353363
120420523844
120646447509
121381316275
120723718394
120810209650
120847464815
120940405779
120797193119
120936306334
120849080286
121005518582
120824762029
120637341846
120846859334
121335079215
120703563241
121011219319
121122800958
