134851074665
135011226825
135042053364
134762547329
135302696185
134228780496
134625449318
134551465952
135929845389
134637279775
134462182297
134745932833
134260441484
134353367864
135046308864
134954145558
134962261332
134995722463
134745756433
134324626174
135468698598
134742165505
134883454108
134582747834
134467359375
136040996517
137189292932
134881531145
134667907194
134504012061
133757022874
134779573570
135281987550
135166664900
134675500631
134968351699
134293512669
134622687915
135459423631
134768612813
134334642527
134214613346
134251699284
133440320337
134244705227
135080981288
134880802340
135875785739
134789325805
134374077562
