90530320193
88506777134
89684366871
90396005702
89295951852
89744789220
90429103806
88919120194
89759197192
89560159468
89181848798
89358530956
89123535311
90231616512
89028081029
89865450228
89785430776
89512180429
88685130566
89871233469
90113147273
90132278898
89009498521
89124222051
89686539004
90092810416
89837221541
88721923011
89407598311
90541594408
89070474874
88714010007
89513474115
89585235987
89040724761
89493643428
89304326226
89647536174
88590507907
89637440984
90756927375
90092870339
89856039468
89680381005
89046442825
89277154819
89785096415
90029118860
90221640928
90582056788
