296264438380
296015669544
296282269731
300295645260
296794594102
296315121256
296887288277
298607456795
296853671857
300425498097
297218421349
297386324036
295831776008
298108917652
295954805160
296510198349
295527028169
296576633644
296215700871
300275967287
300109939236
300008456730
296127752979
295733665915
296167037711
295474156304
295341549037
296358709785
295765897953
297436125581
298240988328
295573861551
296043512771
300140811513
295902736857
296212802967
297171080752
295996806555
296694230664
296580331162
296517287447
300136099562
298498434639
296787348697
298446655154
297958062761
297020212586
296446293966
296135233116
296347071112
