92552056775
91768361574
92183933382
92126012256
92260660861
92107181127
91950499410
92255130438
92398735248
92195633351
91986125790
91910980487
91653251350
91986670317
92228417058
91333333201
92302636130
91978976156
91603799972
92249182413
91472238831
92150567304
92500211696
92680290702
91546876332
92316674641
92602232813
92752134408
92121239262
91769183525
91534235572
92252638474
91951567341
92285636036
92295063448
91821138741
91874526516
92686956576
91891621628
91962233624
91872634656
92107409841
91989570544
91975700389
91885870735
92213118751
92238753659
92248517946
92318013084
91783677043
