70874717416
70732246329
70687716708
70785523998
70184758764
70358430254
70127685015
70367036039
70204809752
70598631181
70241025981
70806805365
70819177693
70181114561
70670228408
70230388489
70759129415
69866544135
71019790560
70238628616
70487508167
70709189512
70693490343
70583278287
70890772681
70530716687
70251891296
70273258694
70020396526
70645040174
70872098384
70538957308
70614311632
69842418374
70137508579
70070494889
70739782580
70008494887
70693423823
70522173708
71970003684
70489554264
70356125317
70733534131
70495702508
70740373831
71059224387
70227877497
71058624124
71324986541
