674896526
681481483
705588762
673265404
673383606
652276788
673796203
682622641
686406582
699821330
658193510
675982936
659416758
682900821
699973523
705130647
655943519
675861562
657692730
666902261
656491481
718158842
656676679
685024191
665836877
656686355
673865218
665165637
672431440
659336976
668448191
657135379
653644279
671455415
724003454
660495890
656534411
661968828
722208272
665484282
660478915
664426955
687061865
680640696
680142314
659021853
657390614
671532804
681516857
676113679
