526211540
530456500
532213633
539727514
533603544
536059705
535472870
536699672
532628443
535513411
534643512
528402602
534417578
550102496
528183043
537108122
537016451
528834334
534298420
542149126
532300828
536999433
538880138
540911588
535657477
626631713
552058616
532548622
532749562
536787040
535320218
530253481
543942437
569953715
533706099
532719962
565538988
539071293
541947584
537948589
532033262
567369673
540437441
546610625
533904822
532613099
533489962
536194399
530118830
540649356
