325029568
306118101
310483278
301482369
307432722
348853595
441285895
305642030
285224135
285349232
323394424
278414285
426364965
361667698
404946425
284161898
290114967
279033735
321669851
277273509
328448475
299269109
296577017
271953006
278343327
305664664
381448855
356656355
282674011
282948227
423726106
279918880
325364490
312989380
443625699
321205565
321702973
302352087
299558924
345038088
313869061
283332458
341667387
335782759
287453404
347185677
295048478
274485930
323503902
381159932
