356095919
351261510
353033239
348642776
356612495
358545719
350470623
352122217
385737762
352884414
353025932
351713580
393241006
369173905
416583793
386170734
362264476
371254026
350646955
405104366
351605233
445346300
400275018
357962985
372496883
384911188
393996028
394300152
388134174
356763077
430796860
394924181
553881768
449266287
373565354
494897688
351306278
352487714
548727249
353459568
352216024
352077624
413323510
353091897
372721980
368240295
353451066
354971923
417016433
353025896
