1151860777
1164452959
1161875274
1167755057
1160949606
1168877197
1158234215
1163602212
1161825867
1162992229
1171684681
1162258391
1158873135
1203890067
1173407327
1162063825
1173451977
1180370487
1181932573
1166421716
1157772439
1162111418
1181104771
1157992230
1174040805
1157529422
1161901002
1183513662
1166041598
1180265304
1160042457
1175901335
1179626757
1162103447
1160933715
1158818271
1166766401
1165537256
1160298445
1155765636
1170643594
1186806674
1161788279
1161251620
1163429034
1162193619
1172521191
1166815110
1163465278
1162988832
