479856069
487723485
479652137
483441168
481781161
484034859
479207724
481300878
481214167
482080240
480013888
482551580
478764736
485762113
483736787
480119422
482476794
481889770
481779263
482225794
489502027
500811871
481127168
480410407
484423821
483679600
480195885
480616379
481623227
480862034
479226613
480324583
483013621
477300725
479895276
480184501
485425138
480845670
481347445
488006996
485266161
491332273
484201337
478920556
482050013
483208416
478005013
481958734
479859088
483585720
