377265280
380063283
364577794
434863880
375795574
428334047
367902653
374023016
412005180
388689686
380052681
387433781
368504953
428419957
375479896
387134229
394308289
384568857
390436826
363644438
394243731
364550938
399326711
372926312
378126402
534473087
368732591
375932469
380026255
366030682
364532679
364156632
367200207
382537710
450671726
383545171
370749197
363820051
460858074
372519445
409821810
368749713
458707665
409991212
375846407
398616677
374635657
364292025
403390566
403677997
