120959276
122942870
113829619
122528818
120944888
114408902
126776224
118542773
114808286
123385625
120187779
122937779
120116383
122049221
122604539
124066960
125412079
118706072
121054735
126011139
118414200
122403128
120368959
118586455
116890083
119843758
134184886
121645058
129405414
128101693
127357489
124149935
124663955
123191677
157779688
125869309
148813816
138122327
115518113
120491049
155839646
116670787
129947496
156750656
110785078
113331846
118138367
114315793
121407698
113950222
