8424096937
8526270049
8467071885
8506054389
8472820647
8558015933
8471214132
8495133742
8584773913
8513582663
8477654425
8508995887
8481764241
8487484500
8465897520
8573547930
8463410419
8538531566
8567613223
8473306156
8532321619
8431828231
8452707750
8466216910
8478781559
8526961327
8513332718
8537185632
8473601930
8509036387
8511615809
8475095620
8507701406
8493664200
8455207247
8552121697
8479174807
8519156433
8500478529
8532249409
8533935263
8506286169
8512335811
8486923964
8709141279
8483190185
8478790071
8472904571
8584254110
8495956391
