4409498841
4425943709
4566876487
4519237915
4587157572
4571363373
4495023372
4448272907
4447321508
4545938637
4546730314
4500963212
4618571946
4416489777
4470512995
4448543330
4455756878
4444096347
4631398277
4515882257
4471379013
4506426860
4447010075
4595677717
4501580908
4584168447
4387700351
4493612248
4630480805
4380552053
4462242807
4456424431
4420290271
4418939392
4643861873
5164155601
4923402331
4487333399
4520119776
4502948638
4523447977
4463086898
4493778512
4380837383
4613738102
4580464596
4502864613
4516276584
4462859382
4488076288
