5605583950
5726635151
5604947681
5767685270
5653256961
5629941529
5600266291
5618128219
5626028891
5633633748
5733507357
5664693898
5738037219
5614850336
5883572092
5704591556
5876954223
5609514018
5695392855
5574998009
5658318833
5568404135
5725284841
5822060069
5622985038
5717673790
5807697364
5691463124
5766921758
5801846225
5852993619
5749615042
5703612821
5659505644
5741456554
5653614534
5678252080
5617531055
5852503449
5689595921
5662983672
5638031544
5573234639
5636539121
5801803522
5620077286
5697367226
5653137716
5762729558
5639558085
