7602180188
7608534917
7608766473
7588137944
7653700658
7594764211
7640251878
7749851597
7610973455
7646951712
7674240889
7657812740
7637270989
7628309688
7624584772
7652253296
7650312216
7602300212
7590732436
7610478035
7599245242
7634368300
7653369901
7640868991
7664955762
7612985810
7643501157
7634225942
7623683824
7652418017
7610952634
7573821148
7624584966
7607582527
7602257884
7624099511
7654573417
7572951178
7658701471
7600902562
7665320494
7607038798
7633651749
7642608046
7620448679
7620355153
7566896443
7589147168
7620906919
7614307734
