18904172220
18817077217
18636055193
18631739729
18676845030
18703032756
18614899812
18696664696
18789945546
18956006540
18594923868
18699771494
18693470830
18704540340
18708556223
18602636621
18620037488
18637749800
18704613560
18624443468
18544739723
18684182726
18573743294
18663380912
18637335343
18657460012
18800015628
18616616859
18549943541
18679838364
18574755009
18944893683
18719293733
18633115838
18717034853
18944286225
18959183076
18554891700
18659555833
18680892497
18575411111
18712358179
18555158176
18572173251
18689483667
18602684244
18744058481
18603753870
18602246153
18910468511
