5803058580
5800751087
5806945373
5830201381
5863972937
5828539025
5847209948
5834567054
5819816069
5753600670
5823718849
5865532430
5854708758
5811097966
5822944058
5818107839
5820580386
5833530359
5864619353
5851882071
5824187775
5853740364
5810853713
5846052416
5771901828
5828560743
5857965191
5877812661
5865269405
5795660652
5750644384
5843575348
5816288351
5834672659
5811863297
5855663744
5816503715
5775788991
5954005666
5868964528
5830994697
5828530801
5809482892
5804432398
5970994106
5818404822
5806772383
5899321518
5728729541
5829661364
