142780645
141926598
143585509
141119294
141407248
144179476
141921581
141318428
142325635
142874988
143412266
144014937
142762832
141867137
142754559
140720558
143371329
142657412
141743057
140663078
142643874
143528827
143187819
141951955
143719267
144962263
141059733
144481913
141224648
143213628
141663599
142331880
141963488
143337348
141350836
143960253
142522014
142714007
141763342
141100984
141478580
141258212
141053418
142487192
141424269
143372502
142376352
143185612
143961080
143363782
