8211668976
8230486965
8137259329
8189088898
8128589115
8222617088
8153815922
8156588048
8251993441
8210696435
8277603971
8345048240
8335511562
8331149196
8321585191
8293382782
8268483205
8288679092
8214380997
8284050629
8268689019
8193347550
8291694666
8660933794
8273665092
8318370067
8329743828
8336742219
8159255516
8407102797
8393223404
8387985283
8345934589
8389872673
8355522526
8388211291
8438967385
8474553591
8530056500
8457779549
8414674950
8397197432
8425126225
8437474471
8379678010
8389154568
8494655647
8421580827
8402348028
8422731375
