11237493483
11312284882
11289810445
11278548249
11372554439
11260071837
11203819577
11260519692
11280318271
11296745168
11294674858
11294147876
11314674199
11303299702
11320097630
11256832587
11350906116
11340464615
11364145901
11344790503
11281486435
11273165550
11326496865
11311739221
11320071141
11291382472
11572265632
11288886924
11358958232
11346025974
11353674891
11364253405
11345787941
11399679365
11385539445
11376984891
11486530201
11406653771
11419716975
11316032985
11514494747
11418139487
11405218432
11401419109
11422860343
11362754298
11414919601
11378553114
11433772806
11410988839
