8577564435
8652276207
8542849236
8535131987
8620590651
8545391680
8543819753
8567513377
8547219776
8532594291
8548622585
8630735745
8623525073
8722668575
8646547269
8613940712
8662935302
8641942508
8651784530
8672381426
8664903724
8742157522
8627490467
8641233175
8664904083
8679594511
8691183311
8717564551
8749748987
8756946547
8711461126
8749106902
8745407591
8849658293
8732625882
8781288339
8817800704
8789254834
8764337815
8823705670
8796967813
8818377145
8786224498
8795909784
8775223631
8878480295
8871610886
8799571549
8824292942
9030162903
