8045664559
8106428595
8160545746
7853890835
8154474737
7947990948
7848193767
8108443304
8279270346
7978071944
7943991840
7967665669
8090962588
7994596044
8118818938
8122652807
8038888282
8056809569
8122010444
8068083600
8094292549
8015318083
8052559161
7578972005
8096684009
8142663442
8146722227
8125995757
8039680229
8066793444
8450736761
8069339794
8201354346
8113918225
8138352628
8200385537
8038699545
8083670632
8141887368
8248927814
8181944557
8132726782
8177761035
8054792588
8114485477
8273110727
8095892784
8103525937
8446844995
8171896064
