9167091279
9348543762
9385013828
9288050051
9330506078
9336706109
9299486363
9345362920
9337502949
9306041285
9215517003
9302261968
9383568243
9341802388
9382729994
9368966891
9354151813
9509915551
9440287274
9441383616
9389078947
9349243956
9410426343
9400285818
9378148133
9353962720
9348596691
9400013099
9425329588
9419443836
9361101200
9388044953
9441504313
9437440775
9457238523
9397979097
9445426920
9488789891
9389415419
9442002135
9481227571
9492593596
9393692648
9419873918
9426779629
9413100925
9415115430
9474850317
9432512956
9463337313
