18508713874
19349354769
19196353510
19263769236
19315594510
19494909469
19259612403
19519413249
19364702170
19399022903
19450298705
19326842854
19342003100
19364448119
19334157020
19339760999
19367087415
19381995180
19346921587
19388953732
19380409350
19406114490
19378266225
19533890140
19350684681
19553450448
19538478620
19370787961
19341389052
19453893727
19362101178
19586947247
19467846320
19420300010
19443799271
19489710386
19431011775
19320913415
19301548969
19303054755
19336432924
19432906700
19242709464
19346341187
19488718921
19356675363
19353638266
19364087728
19498766121
19352249763
