2127040096
1916528848
1849521106
1932618838
1876060096
1890806255
1942152391
1979430575
2066909345
1974667930
2028971026
1984997542
1980071671
2064051618
2075879790
2018504771
2029219883
2238570007
1912935991
1862221564
1872094897
1900852481
1890831136
2027840959
1984389310
1965683375
2002345979
1966060775
1996018444
1986803843
2059137188
1968138192
2030481484
1974686329
2014982822
1844904997
1835946098
1841636286
1823024610
1844963766
1838324605
1825875159
1834953231
1842402410
1856982859
1832853548
1880202891
1840022684
1831530129
1842977572
