2287022372
2295978731
2260710401
2259363506
2307632131
2314876610
2271976448
2363640756
2549609333
2479185454
2430134896
2440543056
2424385499
2483186553
2369415245
2411861413
2482237394
2335055810
2302335152
2295543612
2291365786
2321934949
2295380791
2287634139
2366377031
2351690993
2237639849
2379296221
2417206669
2419203016
2406322486
2390037249
2393133412
2419600472
2398984121
2233311842
2251881157
2246692063
2259448909
2233992795
2296559878
2255172767
2263963819
2265943916
2255020979
2259571658
2260160398
2267356166
2287121959
2254193113
