1527604315
1486592828
1586896656
1728758848
1618826031
1790166480
2027141625
1495795070
1670433734
1600303461
1965571098
1773774398
1602088233
1612982283
1788052219
1899347039
1985868894
1999841553
1510859063
1562175403
1561786889
1666299178
1598646093
1566991970
1673695665
1604886458
1645813239
1594876614
1665859893
1754274621
1619538958
1656348039
1552558162
1623002183
1576966347
1422164823
1444919959
1469690700
1415348828
1471001814
1434545548
1507701979
1423586214
1494814035
1414980462
1456801612
1462215673
1430703034
1454412302
1456154273
