1697046127
1610422701
1698750416
1593870345
1600500655
1556202416
1667134582
1683428642
1674587123
1700549270
1748496160
1701556527
1794448365
1598073434
1739191512
1625096804
1683331291
1972782173
1614844760
1555634669
1657125145
1703264192
1609686168
1680085416
1663655085
1668203268
1674696062
1674024122
1699836428
1679019118
1727192156
1704988570
1640051842
1671120258
1716986112
1495690662
1518955991
1498756145
1501333140
1496224907
1471972436
1486653383
1492675729
1482525232
1580117882
1508195900
1503377594
1485512465
1547378207
1498999831
