1771941281
1689799797
1721200768
1719890240
1712249998
1776473999
1796483059
1760838183
2093777885
1723350986
1890512997
1997730612
1810029962
1800561560
1855853994
1835207055
1905721960
1822121074
1669644876
1672099508
1727723167
1701525222
1707854496
1768320435
1793244986
1724551757
1856030280
1781741773
1842564404
1729716971
1792551661
1756556837
1933301844
1918623470
1902610608
1647937754
1627724253
1625092636
1618653082
1661824441
1629451301
1617004499
1620701286
1681420253
1628458456
1631491169
1627864906
1630332307
1610052217
1626116540
