3879751977
3701959960
4164055205
3993035430
4364390184
3832558386
4113633489
3518692075
3734218015
4109069738
3799210188
3933872877
4037430402
4279045991
3852050867
3917387245
3824745735
3776893096
4786157775
3537283394
3575663108
3712269918
3591197441
3524349975
3673487205
3742667671
4000953902
3544248612
3625716488
3596598070
3765734956
3529294763
3583319996
3556897636
3520052345
3746733598
3493037477
3491239934
3459205964
3450829384
3460452144
3513763019
3516128824
3513691383
3532017390
3443060156
3466988897
3507333865
3496442343
3479893094
