4193929
710405
742305
545532
676701
3587580
934508
640011
614543
843426
779214
823589
603793
512920
578916
715534
1355414
1592683
535974
557264
461503
611006
863002
522409
555180
629049
614692
585748
908348
972890
545502
670498
763404
785796
855077
788692
654678
533829
953203
549259
744618
777480
687550
723358
581189
563576
769295
700464
638427
766880
960225
742374
640251
922985
749317
475489
829337
697949
3752212
564908
798278
845048
967499
812726
2402991
2445602
600225
807136
893910
567843
782639
464478
646662
661029
679795
777449
945967
695825
878550
554438
668462
670607
954303
614591
506145
692708
981703
617056
751049
659265
812685
2156123
730250
705592
506597
848583
1666077
475117
542194
722004
