1379491
636214
631165
733789
643689
593864
679285
858845
476382
563696
476442
931733
652735
510596
539741
749368
681049
636174
684625
773423
654348
474688
1124367
678163
580819
535674
688412
817676
548046
595186
792650
537116
455040
664146
642886
822776
627206
609082
641703
628739
669135
608451
658956
586429
599333
653485
513520
680626
858313
513902
623599
659908
518519
767310
772811
684123
582942
647874
572753
595907
512279
676669
489225
529140
641903
462224
636373
718688
500646
484867
730521
607017
936018
626244
588162
743084
525663
722605
802787
547835
617447
713719
501366
495726
661309
657772
520873
499364
670697
2014625
744076
582691
742964
706605
600925
551742
826441
691295
658464
446984
