725693
693483
922336
736193
700195
738137
483646
575409
530664
642987
519462
787230
689755
740221
726054
537758
592992
493934
632477
568746
738668
647324
679015
760749
428340
694343
546834
627487
736674
695015
693101
554299
571320
683853
619772
539300
654167
715493
602780
680818
924007
672541
725001
786237
483244
842563
802647
577682
649909
687951
663494
692980
677090
518339
780576
387081
588392
703139
715492
546904
748034
656301
676468
545481
676729
799290
580086
722716
640871
779643
656871
655699
770736
457524
684383
580467
556933
841991
687990
736241
633467
722225
555159
734027
682960
610032
744306
547654
665307
693209
700915
769494
518298
654686
530271
750868
642183
664645
705162
649557
