699324
635724
554930
554880
944578
580378
1037394
605647
797258
702560
575810
812557
755559
522539
607469
640181
10632518
628870
737114
646944
711085
993238
633809
622467
885785
654839
850809
741272
718729
472504
668174
569667
508642
2630775
604443
511127
710674
598692
783952
824249
937323
795624
970546
735030
900823
652013
933094
738426
751711
673172
900772
3137612
656861
580066
744848
1045186
582040
856609
577732
637835
723557
944475
643606
528329
540471
1922102
682279
680967
706525
775455
780785
779533
719530
657062
1044433
755938
720031
838624
719329
846830
523138
3174287
594273
771708
481620
2430412
498051
761759
971104
772589
725100
609982
681968
888448
765756
468966
577601
694571
699852
604151
