631465
668305
524192
574788
1323836
759117
605997
677913
613281
674436
618871
791428
475640
520926
650280
799813
806145
439522
417550
586921
820462
618209
748376
813809
696388
547065
668665
464028
766009
879133
634380
517829
538448
924799
507389
624441
712507
554128
497781
707888
504133
802197
589525
713939
978500
436966
2073700
647054
562794
509873
771229
502821
474557
558205
645851
794442
515303
645090
522657
646582
730942
650490
744007
545841
520714
635691
652643
778632
574746
660307
524942
1133311
640621
524881
626755
577862
598741
637124
597870
584184
511777
643075
678492
902174
533839
701335
672440
776757
759615
679844
632004
650449
517557
802065
749636
679945
795713
667331
455570
889800
