731976
486321
737486
489096
488564
489246
489877
495337
505056
489756
496921
367445
736253
500447
503282
333891
341576
382784
731954
496039
492782
483535
488925
491400
331597
728879
490368
743396
504094
487673
481140
732836
341917
495878
496228
500606
485879
481911
486510
641804
485758
487622
487542
484526
497792
326477
329172
335715
325656
726624
495136
670588
487763
488674
501067
330054
486550
486339
329042
329192
486560
489415
326727
619751
488343
489856
487191
338059
735440
323362
330976
724008
333069
486299
489835
328751
488793
753914
650779
357986
487491
483534
324293
325164
489595
490657
491579
327959
490426
492330
622907
488092
491338
492220
462694
345923
486629
491468
734237
488653
