354854
307364
354974
343292
288498
271616
356607
241809
298217
252890
313505
418805
262929
288818
298948
259934
320428
332060
212032
424265
230447
325868
313776
232872
315799
329234
4016068
410429
230558
315438
416069
277055
218695
281143
402955
318895
251998
232972
246847
269651
285732
358500
284890
297995
339754
312292
333452
291252
257228
291613
242359
228213
351165
341858
528141
336858
297223
375212
648750
4514316
268950
470652
341377
368529
209397
225848
327841
281002
262547
277405
253540
1346932
306651
312131
228192
192895
264301
220587
284810
217032
350514
418272
333542
977821
296763
342348
196302
249061
330586
297794
237239
347077
282555
381953
765229
497412
900896
377104
252027
269480
