285072
503436
414898
385673
218174
247169
904598
317703
324276
272698
275663
270854
331549
455955
305841
282516
301402
21241191
12558112
430046
497364
343933
429906
348772
267066
400229
420368
249353
286153
499788
328063
278768
359973
268249
433292
369330
311811
360634
345355
399588
299628
314767
410448
786421
448661
274441
309878
273369
353731
297544
384449
374460
339333
298756
329915
299678
221600
2059732
399887
339974
495620
387594
290651
334444
295800
360162
238682
305239
296221
268238
2022992
375772
291562
445414
277556
417772
268429
439713
365002
280702
1800310
339553
347288
385239
341016
355463
293015
240265
405207
496771
399937
408654
303985
344682
262087
391812
368958
283506
325707
1214279
