144514
157108
111361
194830
187086
156417
153001
123544
140326
142431
82887
164142
217433
110210
121791
168790
152820
164162
126389
156127
121210
205790
159522
118394
165514
194389
163770
208766
205029
123473
203486
230487
116040
151748
152579
156728
174501
184149
138834
184931
198296
233142
180402
200591
166986
165734
192876
258129
143352
128463
111321
120278
167618
237070
169541
178779
215288
194729
174230
183518
131780
174771
173659
93477
152329
180712
91713
173098
149584
218083
184370
223052
234294
125277
196011
191673
196061
134585
199398
314105
148492
144744
136188
193637
203165
207953
180181
210639
236648
109738
176143
137080
110809
103757
179229
331959
123854
177435
162678
211780
