234245
209739
292606
246317
252269
325689
252738
355034
242660
280202
771625
333192
195521
218415
234665
261276
182807
212403
465073
368589
205029
262268
268850
261325
230257
291312
241718
296933
233714
244774
198928
257107
264522
225928
318685
235657
220849
234695
241658
303817
331679
258831
221360
274180
268819
172367
311991
297133
325196
262367
281785
196342
404106
495850
173078
330858
314817
191543
269922
249743
343040
240206
364852
222732
343020
260073
284199
270413
197334
290982
286422
272597
240295
245955
366795
284740
438992
242319
173399
305379
179380
250745
251256
234404
213725
212773
415978
284448
349501
172366
428762
336687
408463
279369
244403
184630
257327
302332
317051
338020
