393026
230688
368459
306852
286624
450375
457519
194660
304367
392355
1619885
1793935
2812018
1810497
546727
442179
283197
12690745
426530
310089
401472
338162
394328
414847
364883
466886
316300
303896
449131
420548
362327
428713
444593
373949
443201
1225604
330567
335667
291704
340105
1844859
297383
6379477
346287
393376
395871
283167
509656
373388
325417
293366
365092
314316
375050
336828
776642
278017
300329
465713
459500
1429940
382445
321389
2720275
3457441
409065
337320
445313
1851277
434914
335014
616748
744049
475180
369279
438100
326319
360122
383145
361825
353991
309386
321369
520234
298656
295710
346747
283758
2862070
397232
437117
561904
410407
278778
336567
397853
317852
381392
372745
404165
