37742
26390
37421
37181
37381
36109
24887
25799
27722
29035
35598
25098
36069
44084
33744
23906
70774
29255
37161
38202
36800
28043
37121
35657
26550
35006
34966
33864
35417
43904
43833
33734
33915
26059
51888
35588
24847
35086
25188
51608
35297
47470
25017
34275
35527
33744
38353
25659
35257
37311
38964
42260
35488
42941
35197
34997
34956
37180
39134
36399
50075
41028
24176
40496
64101
54323
34315
38733
27553
38152
50966
46017
38503
35908
34867
38263
36880
38062
26590
36279
33573
27382
36549
31639
35597
37622
38212
36760
51307
34656
36249
33884
34977
34927
38633
37371
24787
36008
24145
34926
