2109341462
2117570614
2106662569
2074909796
2035762584
2007539175
2012676737
2016873043
2145836633
2065654983
2029449344
2031814632
2202027925
2121708317
2006167666
1993604487
1978831029
2070003461
2015612200
1999047997
2016827551
2275516041
2228122575
2277524091
2316450381
2027670473
1982304965
1984134627
1977114382
1948947385
1942370244
2016949433
1983302452
1987139078
1969588873
1967270126
1991689273
2018107492
1946638214
1999840058
1963365025
1978500318
1968669111
1994954566
1963139269
1955850053
1984627498
1969381048
1986769600
1963734342
1965910713
2026272468
1978194991
1956869670
1960086619
1966773351
1944290331
1966442798
1986942930
1942532648
1930229730
1938727674
1924723700
1896051375
1870859456
1879878463
1894669759
1919919003
1852065433
1886948728
1915596084
1848248974
1879029051
1876281642
1872147062
1879864220
1902384445
1870938422
1846614723
1901622861
1874667250
1887314262
1862922841
1879389788
1884129368
1871423683
1816095262
1874060846
1874562822
1876594866
1849042133
1869570064
1873609918
1852691932
1883106780
1877813463
1884101740
1871433601
1912704046
1899944127
