1799582507
1741355031
1810258917
1776684772
1653030502
1739349164
1571311611
1881418475
2148083850
1631012962
2030797879
1840496700
1969132204
1834121941
1522775993
1753739272
1571788162
1740668721
1570883005
1786264626
1565724701
2039695189
1875028257
1886078552
2072908891
1558384241
1512516852
1517034315
1575630962
1514759412
1513641081
1621542771
1589313680
1538344283
1532968039
1511672999
1514623802
1506570794
1617707976
1557131402
1521634669
1510260186
1485333817
1535164109
1514637891
1504365277
1553474152
1607899484
1501136216
1519764480
1574980821
1492045909
1517075331
1514676822
1599481755
1588722679
1525355542
1516059934
1565474361
1529817788
1536157694
1532910287
1537680216
1429518418
1456434535
1451968754
1462263109
1461996108
1485825693
1485516487
1478473407
1516668177
1526868067
1547831634
1453807004
1582838282
1480610525
1469895215
1454958458
1490004179
1469188209
1444767967
1449916606
1478725283
1549426752
1437882742
1472782496
1470241493
1466845140
1440286387
1494412070
1504198482
1514816158
1523342239
1449028262
1566831707
1451969358
1456291497
1509294691
1439525388
