1912858860
1835821968
1827972463
1775082093
1962955148
1849482596
1841274427
1817859381
1861053465
1782004521
2037050488
2105165947
1918073256
1957283963
1794289503
1761702357
1759538061
1949301977
1756195404
1818432972
1918309561
2052792207
2098215725
2040814881
2025602537
1759933766
1767234323
1763471973
1782928338
1713097973
1738426690
1760615689
1746589125
1780328838
1760040279
1768703247
1751121687
1756637462
1715311488
1686738310
1731547063
1733347041
1764980655
1740125723
1744747431
1744544213
1820284028
1737663806
1747043887
1738821670
1744569373
1752091074
1734877196
1733533747
1736575456
1768386045
1765456712
1785893199
1745157000
1732686896
1725560374
1725367724
1763277001
1667818529
1691377148
1647872305
1677213780
1681003463
1692024517
1701775586
1699162439
1695394673
1684964154
1646129747
1664554940
1668105959
1689882776
1677317597
1698800207
1660759488
1675511397
1696648600
1705128668
1705103233
1639456887
1657572207
1645581943
1631032161
1665302166
1712696201
1688326449
1662121865
1676006096
1636983761
1647681367
1662988958
1659656295
1684052176
1666736116
1665627337
