2095263805
1771052327
1753344889
1700659295
2046094720
1693588213
1690784184
1763122279
1865821722
1673013326
1913770160
1904261437
1951503966
1987621299
1723890391
1628912649
1618299886
1904594994
1588184807
1997868053
1676249004
2155326229
2158701808
1963392058
1957842727
1637964162
1607276808
1625237209
1635888287
1624602983
1605371664
1595437163
1680566984
1611278597
1646590696
1612936274
1646422078
1584795952
1649994089
1628291233
1657349273
1675138724
1664534489
1626434919
1677511242
1583399310
1604057510
1619320501
1596105221
1609153701
1614949901
1609352922
1615346401
1631482808
1600468399
1608635707
1638206284
1576270300
1653295023
1619114295
1632693914
1606717587
1597564880
1543749233
1552856891
1545596354
1532636742
1536514884
1549895225
1554718779
1547094454
1563148511
1541304729
1531693188
1543608034
1574313578
1544014147
1563567143
1549095995
1607159864
1582669841
1522003776
1573295409
1549698482
1561111207
1538075044
1541217190
1616860704
1542427712
1624851186
1543919336
1556358191
1576387023
1586531938
1553118663
1578919641
1566067609
1569089744
1549772052
1556753442
