2464482124
2516898121
2504150351
2471969849
2499076449
2435085813
2434122110
2445489493
2537333472
2491989046
2415596519
2601032745
2538581959
2505850176
2456309133
2438909833
2437850178
2443693779
2425088609
2476949306
2467628733
2715679745
2667040221
2633188528
2645899170
2502865586
2393859022
2397697335
2410490927
2377699857
2380382506
2385681383
2372718127
2388110895
2385206187
2372713650
2366353093
2370717425
2369839672
2377402652
2372446525
2373397247
2364292273
2358860155
2375898356
2377405085
2406167168
2348233030
2348235328
2369874201
2366868903
2353354162
2339027229
2408244491
2358154641
2398902243
2367597578
2289080519
2366525874
2340484474
2352630284
2352360231
2362903564
2272605420
2277694027
2284704900
2283360141
2264921901
2287180570
2278095007
2273421272
2274036278
2285712135
2283647445
2262138616
2280501141
2277391442
2276253370
2304749621
2282661570
2287042091
2272868025
2282781149
2269580707
2273879224
2302030482
2308427408
2266796617
2284560075
2280769923
2273716670
2279613707
2278403762
2272823184
2272943654
2264564186
2270811921
2279690678
2273799461
2279140640
