4329004452
4538306063
4459228230
4489633573
4597513194
4084188164
4102009414
4172319528
4520286853
4537675694
4365303252
4485017431
4595796491
3999317040
3695033757
3663954747
3747546276
3719657269
3817929399
3734645685
3772493590
4113446369
4009014435
3969368875
4132657638
4259616356
3435440893
3794797597
3838902711
3810610829
3935354365
3859365936
3989375425
3955578231
3963616128
3928710120
3835415715
3949491553
3803007296
4042909209
4057403462
3844527467
3937721687
3988389244
4065320552
3811906761
4032792364
3989525183
3785676937
3873731640
3918386626
3921191404
3968748749
4064565907
4084930209
4072026361
3933938333
3853815051
4039553814
3990337167
3968239362
3838989056
4133953379
3627070140
4115586984
4300172349
4299044490
4076954377
4302363515
4226575953
4084507848
4116247080
4247145669
4046062463
4118657108
4260261143
4191599526
4047176916
4056101132
4128457397
4084724419
4156110740
4280930050
4247200188
4341760094
4268496181
4293784657
4318357933
4036186454
4270723927
4048567038
4285890186
4070204191
4147457472
4168808922
4281295434
4265773350
4142985660
4021164830
4258621379
